//Redrix's Broadsword
dimwishlist:item=1161276682&perks=3661387068,1561002382
dimwishlist:item=1161276682&perks=3661387068,1885400500
dimwishlist:item=1161276682&perks=1392496348,1561002382
dimwishlist:item=1161276682&perks=1392496348,1885400500

//Spare Rations
dimwishlist:item=3116356268&perks=1968497646,4071163871

//Trust
dimwishlist:item=4077196130&perks=4090651448,3142289711,1168162263,3038247973
dimwishlist:item=4077196130&perks=4090651448,3142289711,1168162263,3425386926
dimwishlist:item=4077196130&perks=4090651448,3142289711,1168162263,247725512
dimwishlist:item=4077196130&perks=4090651448,3142289711,957782887,3038247973
dimwishlist:item=4077196130&perks=4090651448,3142289711,957782887,3425386926
dimwishlist:item=4077196130&perks=4090651448,3142289711,957782887,247725512
dimwishlist:item=4077196130&perks=4090651448,106909392,1168162263,3038247973
dimwishlist:item=4077196130&perks=4090651448,106909392,1168162263,3425386926
dimwishlist:item=4077196130&perks=4090651448,106909392,1168162263,247725512
dimwishlist:item=4077196130&perks=4090651448,106909392,957782887,3038247973
dimwishlist:item=4077196130&perks=4090651448,106909392,957782887,3425386926
dimwishlist:item=4077196130&perks=4090651448,106909392,957782887,247725512
dimwishlist:item=4077196130&perks=4090651448,3177308360,1168162263,3038247973
dimwishlist:item=4077196130&perks=4090651448,3177308360,1168162263,3425386926
dimwishlist:item=4077196130&perks=4090651448,3177308360,1168162263,247725512
dimwishlist:item=4077196130&perks=4090651448,3177308360,957782887,3038247973
dimwishlist:item=4077196130&perks=4090651448,3177308360,957782887,3425386926
dimwishlist:item=4077196130&perks=4090651448,3177308360,957782887,247725512
dimwishlist:item=4077196130&perks=4090651448,3230963543,1168162263,3038247973
dimwishlist:item=4077196130&perks=4090651448,3230963543,1168162263,3425386926
dimwishlist:item=4077196130&perks=4090651448,3230963543,1168162263,247725512
dimwishlist:item=4077196130&perks=4090651448,3230963543,957782887,3038247973
dimwishlist:item=4077196130&perks=4090651448,3230963543,957782887,3425386926
dimwishlist:item=4077196130&perks=4090651448,3230963543,957782887,247725512
dimwishlist:item=4077196130&perks=1840239774,3142289711,1168162263,3038247973
dimwishlist:item=4077196130&perks=1840239774,3142289711,1168162263,3425386926
dimwishlist:item=4077196130&perks=1840239774,3142289711,1168162263,247725512
dimwishlist:item=4077196130&perks=1840239774,3142289711,957782887,3038247973
dimwishlist:item=4077196130&perks=1840239774,3142289711,957782887,3425386926
dimwishlist:item=4077196130&perks=1840239774,3142289711,957782887,247725512
dimwishlist:item=4077196130&perks=1840239774,106909392,1168162263,3038247973
dimwishlist:item=4077196130&perks=1840239774,106909392,1168162263,3425386926
dimwishlist:item=4077196130&perks=1840239774,106909392,1168162263,247725512
dimwishlist:item=4077196130&perks=1840239774,106909392,957782887,3038247973
dimwishlist:item=4077196130&perks=1840239774,106909392,957782887,3425386926
dimwishlist:item=4077196130&perks=1840239774,106909392,957782887,247725512
dimwishlist:item=4077196130&perks=1840239774,3177308360,1168162263,3038247973
dimwishlist:item=4077196130&perks=1840239774,3177308360,1168162263,3425386926
dimwishlist:item=4077196130&perks=1840239774,3177308360,1168162263,247725512
dimwishlist:item=4077196130&perks=1840239774,3177308360,957782887,3038247973
dimwishlist:item=4077196130&perks=1840239774,3177308360,957782887,3425386926
dimwishlist:item=4077196130&perks=1840239774,3177308360,957782887,247725512
dimwishlist:item=4077196130&perks=1840239774,3230963543,1168162263,3038247973
dimwishlist:item=4077196130&perks=1840239774,3230963543,1168162263,3425386926
dimwishlist:item=4077196130&perks=1840239774,3230963543,1168162263,247725512
dimwishlist:item=4077196130&perks=1840239774,3230963543,957782887,3038247973
dimwishlist:item=4077196130&perks=1840239774,3230963543,957782887,3425386926
dimwishlist:item=4077196130&perks=1840239774,3230963543,957782887,247725512
dimwishlist:item=4077196130&perks=3250034553,3142289711,1168162263,3038247973
dimwishlist:item=4077196130&perks=3250034553,3142289711,1168162263,3425386926
dimwishlist:item=4077196130&perks=3250034553,3142289711,1168162263,247725512
dimwishlist:item=4077196130&perks=3250034553,3142289711,957782887,3038247973
dimwishlist:item=4077196130&perks=3250034553,3142289711,957782887,3425386926
dimwishlist:item=4077196130&perks=3250034553,3142289711,957782887,247725512
dimwishlist:item=4077196130&perks=3250034553,106909392,1168162263,3038247973
dimwishlist:item=4077196130&perks=3250034553,106909392,1168162263,3425386926
dimwishlist:item=4077196130&perks=3250034553,106909392,1168162263,247725512
dimwishlist:item=4077196130&perks=3250034553,106909392,957782887,3038247973
dimwishlist:item=4077196130&perks=3250034553,106909392,957782887,3425386926
dimwishlist:item=4077196130&perks=3250034553,106909392,957782887,247725512
dimwishlist:item=4077196130&perks=3250034553,3177308360,1168162263,3038247973
dimwishlist:item=4077196130&perks=3250034553,3177308360,1168162263,3425386926
dimwishlist:item=4077196130&perks=3250034553,3177308360,1168162263,247725512
dimwishlist:item=4077196130&perks=3250034553,3177308360,957782887,3038247973
dimwishlist:item=4077196130&perks=3250034553,3177308360,957782887,3425386926
dimwishlist:item=4077196130&perks=3250034553,3177308360,957782887,247725512
dimwishlist:item=4077196130&perks=3250034553,3230963543,1168162263,3038247973
dimwishlist:item=4077196130&perks=3250034553,3230963543,1168162263,3425386926
dimwishlist:item=4077196130&perks=3250034553,3230963543,1168162263,247725512
dimwishlist:item=4077196130&perks=3250034553,3230963543,957782887,3038247973
dimwishlist:item=4077196130&perks=3250034553,3230963543,957782887,3425386926
dimwishlist:item=4077196130&perks=3250034553,3230963543,957782887,247725512
dimwishlist:item=4077196130&perks=1392496348,3142289711,1168162263,3038247973
dimwishlist:item=4077196130&perks=1392496348,3142289711,1168162263,3425386926
dimwishlist:item=4077196130&perks=1392496348,3142289711,1168162263,247725512
dimwishlist:item=4077196130&perks=1392496348,3142289711,957782887,3038247973
dimwishlist:item=4077196130&perks=1392496348,3142289711,957782887,3425386926
dimwishlist:item=4077196130&perks=1392496348,3142289711,957782887,247725512
dimwishlist:item=4077196130&perks=1392496348,106909392,1168162263,3038247973
dimwishlist:item=4077196130&perks=1392496348,106909392,1168162263,3425386926
dimwishlist:item=4077196130&perks=1392496348,106909392,1168162263,247725512
dimwishlist:item=4077196130&perks=1392496348,106909392,957782887,3038247973
dimwishlist:item=4077196130&perks=1392496348,106909392,957782887,3425386926
dimwishlist:item=4077196130&perks=1392496348,106909392,957782887,247725512
dimwishlist:item=4077196130&perks=1392496348,3177308360,1168162263,3038247973
dimwishlist:item=4077196130&perks=1392496348,3177308360,1168162263,3425386926
dimwishlist:item=4077196130&perks=1392496348,3177308360,1168162263,247725512
dimwishlist:item=4077196130&perks=1392496348,3177308360,957782887,3038247973
dimwishlist:item=4077196130&perks=1392496348,3177308360,957782887,3425386926
dimwishlist:item=4077196130&perks=1392496348,3177308360,957782887,247725512
dimwishlist:item=4077196130&perks=1392496348,3230963543,1168162263,3038247973
dimwishlist:item=4077196130&perks=1392496348,3230963543,1168162263,3425386926
dimwishlist:item=4077196130&perks=1392496348,3230963543,1168162263,247725512
dimwishlist:item=4077196130&perks=1392496348,3230963543,957782887,3038247973
dimwishlist:item=4077196130&perks=1392496348,3230963543,957782887,3425386926
dimwishlist:item=4077196130&perks=1392496348,3230963543,957782887,247725512
dimwishlist:item=4077196130&perks=1482024992,3142289711,1168162263,3038247973
dimwishlist:item=4077196130&perks=1482024992,3142289711,1168162263,3425386926
dimwishlist:item=4077196130&perks=1482024992,3142289711,1168162263,247725512
dimwishlist:item=4077196130&perks=1482024992,3142289711,957782887,3038247973
dimwishlist:item=4077196130&perks=1482024992,3142289711,957782887,3425386926
dimwishlist:item=4077196130&perks=1482024992,3142289711,957782887,247725512
dimwishlist:item=4077196130&perks=1482024992,106909392,1168162263,3038247973
dimwishlist:item=4077196130&perks=1482024992,106909392,1168162263,3425386926
dimwishlist:item=4077196130&perks=1482024992,106909392,1168162263,247725512
dimwishlist:item=4077196130&perks=1482024992,106909392,957782887,3038247973
dimwishlist:item=4077196130&perks=1482024992,106909392,957782887,3425386926
dimwishlist:item=4077196130&perks=1482024992,106909392,957782887,247725512
dimwishlist:item=4077196130&perks=1482024992,3177308360,1168162263,3038247973
dimwishlist:item=4077196130&perks=1482024992,3177308360,1168162263,3425386926
dimwishlist:item=4077196130&perks=1482024992,3177308360,1168162263,247725512
dimwishlist:item=4077196130&perks=1482024992,3177308360,957782887,3038247973
dimwishlist:item=4077196130&perks=1482024992,3177308360,957782887,3425386926
dimwishlist:item=4077196130&perks=1482024992,3177308360,957782887,247725512
dimwishlist:item=4077196130&perks=1482024992,3230963543,1168162263,3038247973
dimwishlist:item=4077196130&perks=1482024992,3230963543,1168162263,3425386926
dimwishlist:item=4077196130&perks=1482024992,3230963543,1168162263,247725512
dimwishlist:item=4077196130&perks=1482024992,3230963543,957782887,3038247973
dimwishlist:item=4077196130&perks=1482024992,3230963543,957782887,3425386926
dimwishlist:item=4077196130&perks=1482024992,3230963543,957782887,247725512
